lambda=0.007000, E_U2=0.006944, E_U3=0.135417
lambda=0.007000, E_U2=0.006944, E_U3=0.135417
lambda=0.007000, E_U2=0.006944, E_U3=0.135417
